4.969726049306555371e-01
5.069344483286494230e-01
5.071172344460438408e-01
5.069801448579980274e-01
5.086252199145474551e-01
5.120981561450408392e-01
5.180158566956839516e-01
5.300340439143647053e-01
5.369570681106770049e-01
5.455937121575615834e-01
5.517398953549478291e-01
5.573605684648250680e-01
5.657458816002924884e-01
5.719606095917014743e-01
5.787693924646423183e-01
5.830191696940617563e-01
5.885027532158932928e-01
5.917929033289921481e-01
5.956999565882971082e-01
6.004752439052254420e-01
6.060730687504284342e-01
6.100943633331048499e-01
6.144812301505701013e-01
6.144126853565471391e-01
6.165375739712568581e-01
6.184339799392236658e-01
6.174058080288802319e-01
6.212443164941622298e-01
6.214727991409052521e-01
6.185253729979207638e-01
6.185939177919437260e-01
6.163319395891881936e-01
6.144812301505701013e-01
6.153494642081933641e-01
6.122649484771631734e-01
6.109854456554024704e-01
6.109625973907282237e-01
6.118079831836772398e-01
6.084949848059040267e-01
6.041309662531130220e-01
6.023488016085177810e-01
6.009550574633856224e-01
5.958370461763429216e-01
5.993785272008590459e-01
5.935065231795645380e-01
5.923641099458496484e-01
5.882742705691502705e-01
5.869262229533667163e-01
5.850983617794228708e-01
5.831791075467818164e-01
