5.111613772933946143e-01
5.205291658098567531e-01
5.391505015194095751e-01
5.593940640208375781e-01
5.832705006054790253e-01
6.233235085795233443e-01
6.682431969291932061e-01
6.996595608563529467e-01
6.986085406813352661e-01
6.782507368565356964e-01
6.575045125322731554e-01
6.301551397171384350e-01
6.194164553202183843e-01
6.005209404345740465e-01
5.883199670984988749e-01
5.787693924646423183e-01
5.679621632736994163e-01
5.598510293143236227e-01
5.528366120593141142e-01
5.483583521831516538e-01
5.422807137797883703e-01
5.387392327552722460e-01
5.341695798204126877e-01
5.303539196198048256e-01
5.272465556241003881e-01
5.230881714533781590e-01
5.204377727511595442e-01
5.190897251353759900e-01
5.169191399913176665e-01
5.153197614641168434e-01
