5.147714031119337008e-01
5.229053853359837412e-01
5.353805378481504285e-01
5.544816871158635418e-01
5.798432609043343566e-01
6.120136175657459043e-01
6.524778943039276635e-01
6.992254438275412598e-01
7.244270797632920145e-01
7.156304978636872649e-01
6.953183905682362997e-01
6.694998514862796624e-01
6.432243471108369803e-01
6.219297644343911857e-01
6.073525715721891372e-01
5.941234263257705317e-01
5.817853634016496578e-01
5.725775127379075791e-01
5.619987661937075885e-01
5.547101697626065642e-01
5.449539607466813429e-01
5.415952658395595254e-01
5.384879018438549769e-01
5.332099527040921050e-01
5.292572029154385405e-01
5.256243288322252072e-01
5.228596888066351367e-01
5.216487307788973959e-01
5.195923869582105281e-01
5.165764160212031886e-01
