5.169419882559919133e-01
5.248474878332990423e-01
5.366143441405625270e-01
5.589827952567002489e-01
5.877487604816413747e-01
6.312061598921562267e-01
6.653186190508830755e-01
6.888294834007356870e-01
6.857906641990541008e-01
6.666209701373180252e-01
6.462631663125185666e-01
6.264994173692508550e-01
6.082893504238353621e-01
5.943290607078391963e-01
5.797518678456371477e-01
5.716864304156099585e-01
5.626613658692621867e-01
5.535220599995430701e-01
5.475358146548769955e-01
5.422807137797883703e-01
5.392875911074553885e-01
5.335755249388809407e-01
5.297141682089245851e-01
5.276578243882377173e-01
5.239335572463271751e-01
5.217401238375944938e-01
5.198208696049535504e-01
5.168962917266433088e-01
5.162565403157630683e-01
5.136975346722416624e-01
