5.190897251353759900e-01
5.295313820915301672e-01
5.384879018438549769e-01
5.668197500399844158e-01
6.022345602851463253e-01
6.405054036145955143e-01
6.639934196997737681e-01
6.684716795759362284e-01
6.568419128567185572e-01
6.386318459113030643e-01
6.306349532752987264e-01
6.163547878538625513e-01
6.007722713459913155e-01
5.892110494207964955e-01
5.776955240249502799e-01
5.665227225992185422e-01
5.577489889642881504e-01
5.517398953549478291e-01
5.441314232184065736e-01
5.378938469623232299e-01
5.345580003198756591e-01
5.289144789453240625e-01
5.263326250371284099e-01
5.222656339251033897e-01
5.195009938995133192e-01
5.172847122261063912e-01
5.148399479059565520e-01
5.122809422624351461e-01
5.106358672058857184e-01
5.099504192656567625e-01
