6.201982277929713079e-05
1.564155375772964790e-04
2.580359010243613960e-04
3.239270216665869856e-04
3.726984593342730118e-04
4.095884313815745140e-04
4.413362140386306955e-04
4.659459597210623312e-04
4.886958663334962970e-04
5.045656214609099731e-04
5.261760398335812560e-04
5.349802983994126054e-04
5.553596090042503021e-04
5.624423227166020509e-04
5.769082290917705103e-04
5.852912623610666189e-04
5.989240426324562950e-04
6.017788567862056466e-04
6.163758987572510832e-04
6.266029167610892179e-04
6.228063479179066697e-04
6.310967331154450225e-04
6.363312820777987985e-04
6.397995081383656179e-04
6.425367693484559028e-04
6.457916785133838763e-04
6.488598487787074773e-04
6.491679516495223960e-04
6.549941635980207613e-04
6.570511736612444234e-04
6.563648525810256281e-04
6.647731836958757981e-04
6.643820035323136928e-04
6.663331847961534958e-04
6.663939607835752451e-04
6.693785421692783179e-04
6.724550630518787934e-04
6.731064044641460161e-04
6.707861482830900553e-04
6.820950516609893639e-04
6.780542105747025148e-04
6.817436324369408789e-04
6.836586979111740217e-04
6.841906462586067354e-04
6.870337534802166760e-04
6.839163207465135666e-04
6.840092288974735290e-04
6.881673005484846995e-04
6.925205838372836030e-04
6.915326931848654298e-04
