8.770469077447391748e+08
6.968580098620421886e+08
6.218947040098704100e+08
5.713079265748165846e+08
5.357274589969611764e+08
5.091382340762674809e+08
4.895843847896360159e+08
4.729610987990038395e+08
4.591407716710763574e+08
4.475307428226746321e+08
4.374824687429341674e+08
4.293210496500102878e+08
4.221537493962117434e+08
4.160211072400667071e+08
4.106030268927730918e+08
4.055887691939589381e+08
4.006866036632165909e+08
3.971883057273288369e+08
3.933986850439829230e+08
3.904986943492586017e+08
3.871143893464939594e+08
3.841740475956771374e+08
3.817456745869719386e+08
3.792540270490552187e+08
3.774195242289395928e+08
3.753972293031736016e+08
3.734408161560993195e+08
3.712259755157995820e+08
3.699236127193547487e+08
3.679277981149267554e+08
