1.072135197120753050e+09
1.015357864936778903e+09
9.296345337124317884e+08
8.513599528419128656e+08
7.976423979049055576e+08
7.595986613903626204e+08
7.272651155824251175e+08
7.029505622234103680e+08
6.824054190271209478e+08
6.652121682728996277e+08
6.505564435919300318e+08
6.357952821272648573e+08
6.228587227746932507e+08
6.098322482670505047e+08
6.011719679893983603e+08
5.898063059675097466e+08
5.810616445157309771e+08
5.743407982935087681e+08
5.675173974250919819e+08
5.591761406444123983e+08
5.500385411101515293e+08
5.445086186615486145e+08
5.398731221411565542e+08
5.326510337443279028e+08
5.275667092145223618e+08
5.241007159476317763e+08
5.202775102275230289e+08
5.160418030976763368e+08
5.102348387111750841e+08
5.071331461460918188e+08
5.030450417869170904e+08
4.972040347015787959e+08
4.942405169776315689e+08
4.926692500080882907e+08
4.889105830701670051e+08
4.843602147437109947e+08
4.813955990670596361e+08
4.783293805590513349e+08
4.768544508273356557e+08
4.735694400281490684e+08
4.702962312913382053e+08
4.683196909810587764e+08
4.649721069832522273e+08
4.625575281701738834e+08
4.607650404595242739e+08
4.566782831137614846e+08
4.562738329174035192e+08
4.527657036642218828e+08
4.516405813622135520e+08
4.490532142986268401e+08
