8.789424794008270502e+08
6.987944522366166115e+08
6.224244915732858181e+08
5.715445906696826220e+08
5.357595419672355652e+08
5.096013122756414413e+08
4.894390206349076033e+08
4.739323482580025792e+08
4.606071735025932789e+08
4.490700496545799375e+08
4.395226622724884152e+08
4.322698662893961072e+08
4.249417543073091507e+08
4.186166538932071924e+08
4.127925679925057888e+08
4.078634189726506472e+08
4.032316324215047956e+08
3.994647510096648335e+08
3.956168189461466670e+08
3.919436480519112349e+08
3.886303692305161357e+08
3.862992558667489290e+08
3.831688847082048059e+08
3.813335476347019672e+08
3.784082190523453951e+08
3.761724974407202005e+08
3.748866966925765872e+08
3.731046837282884121e+08
3.713940574405373931e+08
3.698114301935247779e+08
