8.690760368562616110e+08
6.932312127124089003e+08
6.182405159423309565e+08
5.678839221587040424e+08
5.326834994285191894e+08
5.058250969214248061e+08
4.862582109428564906e+08
4.714959505585486889e+08
4.595134428390339613e+08
4.490546524305527210e+08
4.397344671044394374e+08
4.312521758205040097e+08
4.239382713207668066e+08
4.175890789360020161e+08
4.119780056477254629e+08
4.071009888429181576e+08
4.028014869577535391e+08
3.987586491857335567e+08
3.943965975753421783e+08
3.915080902239586711e+08
3.885414623437749743e+08
3.863320020376996398e+08
3.841816919743185639e+08
3.822481521146069169e+08
3.794674481431215405e+08
3.768771137194690108e+08
3.747472509944021702e+08
3.729877845368428230e+08
3.711200987776178122e+08
3.695916669534580708e+08
