8.549107610318276882e+08
6.838245954645280838e+08
6.111404249682180882e+08
5.629291697463386059e+08
5.274706637808394432e+08
5.015632947402380705e+08
4.825344595911988616e+08
4.662016724593415260e+08
4.534289546297438741e+08
4.429262270945689678e+08
4.331973779375328422e+08
4.245295514797906876e+08
4.168798315998811722e+08
4.105390864722736478e+08
4.051586559005643725e+08
4.000153657789658904e+08
3.951931317926291227e+08
3.912254717221651077e+08
3.882962169992917180e+08
3.851555915922041535e+08
3.819703215211460590e+08
3.791555118243425488e+08
3.761394437913496494e+08
3.741259295948088765e+08
3.716871892616811991e+08
3.697736971493591070e+08
3.680795987274430394e+08
3.656718175311992764e+08
3.638880847981355786e+08
3.621695336062330008e+08
